95
87 93 180 176 87 90 91 186 93 87
184 88 180 93 94 89 88 88 93 182
174 90 93 179 182 176 90 90 93 90
186 91 172 93 91 92 182 92 90 88
92 87 88 90 90 89 186 86 88 88
92 180 186 86 90 89 180 89 91 90
91 90 174 91 184 90 90 180 88 87
182 90 178 184 93 92 92 87 91 186
172 92 91 88 92 178 88 88 186 93
86 92 184 176 89 
bad code

119
80 168 158 85 82 80 82 79 78 162
170 85 158 79 79 81 83 85 79 85
164 82 80 82 82 84 80 80 160 80
158 81 170 83 79 79 170 79 84 160
84 83 166 80 81 166 81 82 83 79
162 82 164 84 170 164 84 84 85 81
164 80 79 84 164 80 82 82 168 80
162 82 83 86 166 158 85 79 82 80
84 166 166 84 164 79 83 82 80 80
82 82 166 80 82 79 83 84 162 164
79 83 79 83 82 162 168 82 166 84
166 82 85 82 81 164 158 79 85 
214-91470673328-

77
57 55 106 110 56 54 55 55 56 106
106 53 54 108 110 54 54 55 110 56
55 53 57 55 54 54 110 55 55 56
114 55 55 110 57 53 55 55 108 55
54 54 53 53 110 57 112 55 54 54
54 112 112 53 56 106 110 55 57 55
55 106 55 56 110 54 110 55 114 55
56 56 57 57 110 112 54 
648-5-264

101
81 164 156 80 81 83 80 78 80 79
160 83 156 82 80 80 156 78 83 80
162 81 160 80 154 83 79 154 78 80
156 81 77 80 154 77 82 80 78 160
156 82 160 80 164 80 78 77 164 82
77 80 156 83 77 164 80 81 164 82
160 79 78 80 154 78 162 83 78 162
80 81 160 78 162 77 83 82 158 78
79 158 77 80 80 82 160 154 78 82
79 82 160 81 80 79 79 158 154 77
82 
bad C

101
67 67 126 134 66 66 132 64 134 68
66 67 66 68 130 68 66 64 132 65
66 134 67 68 66 132 132 68 66 64
132 68 64 66 132 66 132 63 67 128
68 66 67 69 134 67 66 67 68 66
128 66 66 68 130 66 63 64 66 68
134 63 68 138 64 64 65 66 65 66
134 64 68 138 66 66 128 65 65 63
64 66 130 66 64 66 65 132 132 66
67 64 66 128 136 66 68 65 134 132
66 
7-5405--85939

53
38 78 76 39 39 39 40 78 39 40
76 40 38 40 80 40 38 38 40 38
38 39 78 40 76 40 39 80 38 39
39 78 39 39 78 39 76 40 40 39
80 39 38 80 38 40 76 39 40 78
78 39 39 
bad K

53
43 42 84 84 44 41 84 42 42 42
42 41 86 43 86 41 43 42 42 41
82 41 88 43 82 43 40 42 84 40
43 82 42 42 84 42 84 42 42 43
84 42 44 42 42 43 82 42 42 42
84 82 42 
87203

113
52 102 100 51 50 52 104 52 52 50
102 54 53 52 106 53 52 53 100 52
102 51 52 52 54 52 50 102 106 52
104 108 54 52 54 52 52 102 51 50
104 50 52 52 51 54 100 52 51 52
104 51 106 53 102 52 108 53 51 51
54 106 50 52 106 52 52 52 53 52
104 52 53 53 53 104 104 54 52 100
52 53 106 52 106 53 100 51 52 52
100 52 102 53 51 51 51 53 108 51
104 53 104 51 50 100 52 51 52 104
106 53 54 
372251852785612

149
30 30 60 60 29 30 60 29 31 30
30 30 30 60 60 29 30 29 30 58
31 29 62 30 30 30 58 30 60 30
62 30 31 30 60 31 60 30 60 30
30 30 29 62 30 30 62 30 30 60
60 30 30 30 30 60 30 30 58 30
30 60 62 30 29 30 29 60 62 30
30 30 31 62 58 30 30 30 60 30
30 30 29 30 60 62 31 30 29 29
60 31 30 30 29 30 30 60 30 30
60 30 30 31 62 30 60 30 60 58
30 30 30 30 29 30 30 60 62 31
30 58 60 31 29 29 60 30 31 30
30 29 30 30 30 29 62 30 30 30
60 31 31 31 30 30 62 58 30 
843207343444818321648

107
76 146 148 72 74 74 146 73 71 74
146 71 71 73 144 73 140 73 146 74
72 73 73 75 144 146 73 72 72 73
76 73 73 75 152 73 140 75 148 73
70 72 146 72 75 72 72 71 72 146
73 73 146 72 152 140 72 70 73 70
148 75 73 72 74 74 150 74 150 71
72 76 144 142 73 70 74 73 148 72
74 75 144 70 72 150 70 71 146 72
72 70 146 73 74 73 71 73 144 73
150 76 75 146 144 73 75 
bad C

149
88 91 174 176 88 86 87 176 84 84
172 87 170 87 85 87 88 84 180 88
88 87 87 85 88 174 85 85 168 86
84 89 85 174 180 84 174 89 87 87
178 85 88 84 178 89 168 87 88 174
180 88 87 87 85 86 87 84 176 88
174 170 88 91 88 90 84 174 174 87
87 84 174 172 87 87 85 87 180 87
84 88 170 87 89 88 174 90 87 91
85 87 168 90 87 86 88 86 85 90
168 86 178 91 90 166 91 87 174 88
90 91 86 87 90 91 86 170 180 85
88 90 87 174 180 90 86 83 88 174
178 87 84 182 172 88 85 85 88 87
87 180 170 86 88 89 172 178 89 
bad K

54
96 75 158 148 77 96 78 75 150 79
77 78 154 80 75 156 76 79 79 148
158 76 79 75 152 77 78 76 74 74
77 160 154 74 77 77 77 160 78 78
150 75 79 150 150 78 79 75 78 77
154 156 76 96 
bad code

95
81 82 158 164 81 81 81 79 84 162
168 78 156 83 158 84 81 78 81 162
82 80 156 79 83 162 162 84 81 83
166 84 78 162 84 82 166 79 79 81
84 83 82 79 84 84 156 84 78 78
79 81 160 83 166 84 80 79 166 84
84 83 81 158 164 83 78 81 160 80
83 77 160 78 156 82 82 84 83 81
83 156 158 81 81 166 81 82 162 84
80 81 162 168 83 
6734589906-7

49
56 108 110 53 54 55 54 56 106 55
56 54 108 53 106 53 53 52 106 108
54 55 52 55 104 54 54 54 110 54
54 53 108 112 53 54 54 55 110 56
108 54 56 106 108 54 54 54 54
bad code

113
78 76 152 156 80 75 75 156 154 75
77 76 152 154 80 78 77 74 80 74
150 76 154 80 160 75 148 76 74 74
79 75 160 78 75 79 79 76 158 77
152 80 77 78 74 150 156 76 75 79
154 80 77 77 152 79 77 77 74 78
77 77 152 79 80 79 79 77 77 77
148 78 148 74 154 77 75 80 77 80
150 77 79 76 160 75 154 78 78 79
79 77 154 74 74 78 154 77 74 80
154 79 154 76 76 77 158 78 80 77
156 148 78 
4127-26-8-97-7-

35
43 84 84 44 44 43 84 86 42 43
43 43 42 42 88 43 86 44 43 43
82 84 42 42 44 43 84 42 88 43
43 88 86 42 43 
bad K

83
83 86 172 164 84 85 86 166 166 86
81 82 162 84 83 170 84 85 82 82
168 83 162 85 84 86 172 82 80 83
172 172 86 85 83 84 83 80 83 83
166 85 166 85 81 80 80 82 83 82
172 81 168 87 82 84 166 85 174 80
170 85 168 80 81 85 172 84 170 80
75 85 166 83 87 172 83 80 83 83
168 166 80 
bad code

125
71 134 140 67 70 67 69 68 140 72
68 72 70 67 134 69 134 68 69 140
67 67 134 66 136 70 142 69 71 68
72 70 70 140 140 68 132 134 69 69
70 67 68 69 140 69 132 69 138 70
69 71 142 67 66 69 136 68 134 71
68 67 134 69 68 71 67 70 140 67
132 67 140 69 69 68 67 69 69 69
138 67 134 69 134 69 68 142 69 68
136 66 67 70 132 69 69 70 142 67
142 71 140 69 68 69 66 70 71 69
142 70 138 70 70 69 140 68 142 70
68 142 142 69 69 
bad C

53
66 68 126 130 65 65 64 126 132 65
66 63 65 65 67 65 134 65 63 128
128 65 67 64 64 126 126 67 65 65
134 67 67 128 66 65 66 132 128 66
66 63 130 132 65 63 63 65 63 62
130 132 67 
49445

47
51 50 50 51 51 51 52 52 51 52
51 50 52 52 52 52 52 51 50 52
53 49 51 51 53 50 49 52 50 49
50 53 51 50 52 50 51 52 49 49
49 51 50 99 50 51 51 
bad code

